3.030982752067143959e-01
2.221018148648641055e-01
1.727083297775288406e-01
1.406179121668405807e-01
1.214358822519221309e-01
1.101458726746874228e-01
1.034941220056477679e-01
9.878115138744261725e-02
9.572354837679540596e-02
9.353564252989565730e-02
9.176738592910108072e-02
9.058615468286514150e-02
8.961591768913300393e-02
8.849020113436391333e-02
8.770697389018244916e-02
8.731607301250950137e-02
8.699068282609556668e-02
8.666938954272362938e-02
8.629802870914744795e-02
8.602453887005180599e-02
8.571503370551961098e-02
8.575832788457901645e-02
8.539007222390937457e-02
8.511947060448950275e-02
8.511004359482221560e-02
8.506238317581078789e-02
8.522751563875406722e-02
8.535342684044287809e-02
8.507251661138265364e-02
8.483151085413997983e-02
8.457545709945836487e-02
8.464608152323420398e-02
8.431319172275590634e-02
8.476124960008231402e-02
8.501305950547918822e-02
8.440625436006372884e-02
8.454336979563471799e-02
8.424431461144549216e-02
8.403537210246174449e-02
8.413615539406808785e-02
8.419778243413400531e-02
8.437367092421688142e-02
8.408998120217851813e-02
8.398711702632583043e-02
8.402319239593755706e-02
8.401742489638544531e-02
8.394506685480562780e-02
8.403039139718755657e-02
8.475698090870001367e-02
8.410471183387256688e-02
8.384032218153023019e-02
8.376354606421786142e-02
8.383990419142156592e-02
8.388019003379512673e-02
8.415495128080621723e-02
8.437020616026083553e-02
8.434237830021813764e-02
8.369213941074594987e-02
8.358320493899618064e-02
8.357146005974591674e-02
8.361688539324894920e-02
8.355457680574561452e-02
8.363479190375705530e-02
8.362522344056759482e-02
8.345330479640500343e-02
8.386018632976569021e-02
8.357657105156292288e-02
8.361781974459056577e-02
8.352321926683649311e-02
8.384656290371157727e-02
8.349592217608600708e-02
8.325749258190905111e-02
8.307962586923110793e-02
8.301975803412987853e-02
8.297751782472087556e-02
8.294512494343163345e-02
8.291721726535658532e-02
8.289131648025439836e-02
8.286837056283642700e-02
8.284699451063698428e-02
8.282693899464238507e-02
8.280786014044154431e-02
8.278958211029681380e-02
8.277276229729278734e-02
8.275619590421608163e-02
8.274080080641321722e-02
8.272585635882083455e-02
8.271141638075273084e-02
8.269726581457521875e-02
8.268337604616542158e-02
8.266980875523861905e-02
8.265680335089750641e-02
8.264406746507639567e-02
8.263205675184222276e-02
8.262006347570882703e-02
8.260790034486971412e-02
8.259632785673662325e-02
8.258471926096097593e-02
8.257380583628502746e-02
8.256254396240378379e-02
