2.347144904677044286e-01
1.080913192120300931e-01
9.799537627220873681e-02
9.459814808049396562e-02
9.224814613909419758e-02
9.091677295058810115e-02
8.987301357670325619e-02
8.910133587603592809e-02
8.851507488011123304e-02
8.814381372587143382e-02
8.799027544174750637e-02
8.723075490919840469e-02
8.688982645550256956e-02
8.667002004391427539e-02
8.679802852331683360e-02
8.638829770417427723e-02
8.583931221402948952e-02
8.595407199613462612e-02
8.564721647919443237e-02
8.564249107881202749e-02
8.550880398225584045e-02
8.526732261245599520e-02
8.552447712537340763e-02
8.570170437582601275e-02
8.537014880148144358e-02
8.539795086877913222e-02
8.545320779870364813e-02
8.518259301809263939e-02
8.494928511842436691e-02
8.501139664910557781e-02
8.502339170318397310e-02
8.523192821942196518e-02
8.514299027768312822e-02
8.496169477901997780e-02
8.481383478742590687e-02
8.450827457959253497e-02
8.452422104227244604e-02
8.459100626619060759e-02
8.442263835215808865e-02
8.436265961155309245e-02
8.440817266465215629e-02
8.458938200358691317e-02
8.457604180093553081e-02
8.517706123879456581e-02
8.432221052698017638e-02
8.380588952978020034e-02
8.383279788200311000e-02
8.406787692336999129e-02
8.414939949748935499e-02
8.398369568252206374e-02
8.368474145605249437e-02
8.403865980229449639e-02
8.387108023330874795e-02
8.362798629129582217e-02
8.399336216689214096e-02
8.376441935601512678e-02
8.370969921441870354e-02
8.407155720608978922e-02
8.370293688681125499e-02
8.348887768096049933e-02
8.348064546598189806e-02
8.351921022072802958e-02
8.371151400243555252e-02
8.339325450270664020e-02
8.329229731712772811e-02
8.401902727882951116e-02
8.349826255410018605e-02
8.342946538397033596e-02
8.387297595929849026e-02
8.352789026433374286e-02
8.316248485907525023e-02
8.320539302776124024e-02
8.332246100740850481e-02
8.348940784293090722e-02
8.348390178295013453e-02
8.370247149886310412e-02
8.346202742174864408e-02
8.299319250720486874e-02
8.275269808559811147e-02
8.268532696016811512e-02
8.264417358552837711e-02
8.261183838467379970e-02
8.258422168419192466e-02
8.255959124495781953e-02
8.253705531128513462e-02
8.251637781684753592e-02
8.249741557791825941e-02
8.247985083312196763e-02
8.246351728775043466e-02
8.244824839434719554e-02
8.243366384669484348e-02
8.242020800628084565e-02
8.240688276162266845e-02
8.239379791917747498e-02
8.238146448020866597e-02
8.236982659250620398e-02
8.235834911061187813e-02
8.234729987917992211e-02
8.233671150937606209e-02
8.232637138183372671e-02
