4.620115499624183997e+00
2.845396011642047362e+00
1.875823348175202021e+00
1.294839853447462774e+00
9.416477954813412543e-01
6.922863559132176325e-01
5.246544427504497010e-01
4.437592489378792693e-01
3.957884091617805411e-01
3.660363654739090533e-01
3.450952616919364391e-01
3.300867380441299681e-01
3.176138989693884085e-01
3.081854002284152294e-01
3.028085026025240101e-01
2.965911350612129294e-01
2.915141422966761042e-01
2.846563347116378706e-01
2.800879949703812821e-01
2.778328145288729289e-01
2.750547035430956910e-01
2.766614967857354279e-01
2.764990192305828987e-01
2.696292977979672933e-01
2.699222037868042046e-01
2.681033333131511154e-01
2.664624956270147393e-01
2.647885004324572189e-01
2.639155953224482376e-01
2.656348000180774327e-01
2.656211283324020345e-01
2.647622954532770079e-01
2.638288641847403859e-01
2.668760662100144732e-01
2.616927868254216860e-01
2.607706177580569329e-01
2.608996917460379983e-01
2.607414030869092403e-01
2.603764240995847801e-01
2.641080383909866214e-01
2.610185617847102235e-01
2.592335184138002124e-01
2.585238484665751679e-01
2.578762228999819106e-01
2.580000629715089033e-01
2.583222773291968810e-01
2.576942829016063974e-01
2.577905054137643037e-01
2.607084018145022775e-01
2.572568335237779835e-01
2.562612032717360155e-01
2.564294709524672089e-01
2.561097963779632725e-01
2.573777847623984760e-01
2.565507377896990016e-01
2.572604888850557048e-01
2.556755408411845454e-01
2.574186658320416488e-01
2.562269389030656375e-01
2.544184444139578338e-01
2.534908682407279179e-01
2.537875001052660728e-01
2.553026766649314494e-01
2.546247370042172831e-01
2.545076803537085763e-01
2.546334847608315299e-01
2.573328820855489973e-01
2.548573971992092457e-01
2.527000439785687114e-01
2.520645482698455342e-01
2.516739434030439426e-01
2.513879542571625381e-01
2.511620688185627892e-01
2.509726856735401967e-01
2.508104647110615537e-01
2.506677478418818383e-01
2.505420738531808911e-01
2.504279969958588259e-01
2.503214471408032882e-01
2.502227415097877383e-01
2.501291385818538715e-01
2.500412560001548101e-01
2.499566139387232877e-01
2.498765170042003825e-01
2.498018155772505078e-01
2.497289209393784293e-01
2.496570192610046701e-01
2.495883021270856317e-01
2.495214348559134654e-01
2.494559440262881789e-01
2.493918758617447995e-01
2.493294430697070574e-01
2.492673906663964989e-01
2.492062746713470112e-01
2.491463319930647125e-01
2.490881736390292700e-01
2.490307463233226160e-01
2.489736294939315642e-01
2.489179889904335197e-01
2.488634870886536621e-01
