3.463644254451064275e-01
2.742321994279470210e-01
2.234985252982741311e-01
1.863048230287319973e-01
1.594824490190562549e-01
1.364126456190367376e-01
1.197890188337195766e-01
1.106416504571112597e-01
1.047335647195588443e-01
1.007984856745835350e-01
9.794328162484269851e-02
9.582361634804525963e-02
9.409435973465545000e-02
9.271493748808180835e-02
9.188423529060191219e-02
9.113611417238748347e-02
9.017091951941819117e-02
8.923006562179308654e-02
8.856505595033405120e-02
8.822449265053938783e-02
8.780706899499414464e-02
8.812609966954597362e-02
8.801257993427148707e-02
8.703633587170933605e-02
8.705136309759729796e-02
8.674501364793138491e-02
8.645990725907397312e-02
8.626269263550394306e-02
8.618753975362140884e-02
8.634266260485005950e-02
8.638157050501828194e-02
8.619587810368473102e-02
8.643516134786913274e-02
8.639181143373611538e-02
8.575296485147404502e-02
8.559271633761915410e-02
8.563916066719297338e-02
8.560052500154641253e-02
8.555887193224244458e-02
8.645553017215379388e-02
8.556102032615021946e-02
8.533996387949768780e-02
8.524942159600697178e-02
8.511093206821435109e-02
8.517261113752876145e-02
8.516392574801487370e-02
8.511571783145512049e-02
8.510760735315778258e-02
8.548612317332289490e-02
8.498189370946804266e-02
8.486784876143169121e-02
8.488368993868912471e-02
8.485336402344978435e-02
8.499209147173714118e-02
8.495992807123767254e-02
8.498549135921232289e-02
8.474753029654180647e-02
8.526833154235022305e-02
8.480993378326968923e-02
8.453140889195159824e-02
8.438925912360357995e-02
8.444395476454356897e-02
8.473467561624713207e-02
8.456365969922441383e-02
8.457274779548505650e-02
8.460318743831582444e-02
8.513111791839672593e-02
8.453064567268933627e-02
8.424807214865265292e-02
8.415158713617452990e-02
8.408965300649363928e-02
8.404314159969060449e-02
8.400544992448849557e-02
8.397318156119844279e-02
8.394512864678949082e-02
8.392049526001099657e-02
8.389851315369865892e-02
8.387865381918349628e-02
8.386003526292939991e-02
8.384280247712665168e-02
8.382639236982226960e-02
8.381104738217740047e-02
8.379628850628584313e-02
8.378234019793009968e-02
8.376931759283527679e-02
8.375654198827020558e-02
8.374393827118728484e-02
8.373189353950970248e-02
8.372018136868168703e-02
8.370873961398088425e-02
8.369750216929393305e-02
8.368664022069026431e-02
8.367568229565912341e-02
8.366495524770178882e-02
8.365445482178827941e-02
8.364425178639978142e-02
8.363420613995609099e-02
8.362425457767770631e-02
8.361449412585042484e-02
8.360498689478869372e-02
