2.074556867016218720e-01
1.037696883962584554e-01
1.002248739152324930e-01
9.832204505315800258e-02
9.657618912590439086e-02
9.484711397010130163e-02
9.316369578165664689e-02
9.163883062870083196e-02
9.069900086974341802e-02
8.998886337548779590e-02
8.929221386381286374e-02
8.904684254875301630e-02
8.881574087388224847e-02
8.870969591287537759e-02
8.811566774666944324e-02
8.790340005279911884e-02
8.770535188873368471e-02
8.735683383532157065e-02
8.714431741384032204e-02
8.726322647826664780e-02
8.712692508551746207e-02
8.695752745102827697e-02
8.714566249316769986e-02
8.700640015205765576e-02
8.670655094400718521e-02
8.670430930779349232e-02
8.672172028945333844e-02
8.644418499316378068e-02
8.656847051201789489e-02
8.644657102404029736e-02
8.650413946955079481e-02
8.630538724133465789e-02
8.603939822935273429e-02
8.602693557357238285e-02
8.600180450586585035e-02
8.575976507671707882e-02
8.576155882300869060e-02
8.568214759250962487e-02
8.547343652433160577e-02
8.554672728688750283e-02
8.535892312826875994e-02
8.535004736726806152e-02
8.516562829396735756e-02
8.558697180723986997e-02
8.547083845865895146e-02
8.496467759445672230e-02
8.493575474973122375e-02
8.511192593045953381e-02
8.537893142910132904e-02
8.615802655962198631e-02
8.552376381836185315e-02
8.478256707884973542e-02
8.488709493323130795e-02
8.476118771633560367e-02
8.472337875852241351e-02
8.486892577402038729e-02
8.488438274305958042e-02
8.466866536623060546e-02
8.454163174178164208e-02
8.469366574078603105e-02
8.486024702832054012e-02
8.475928362123012760e-02
8.470985706906759838e-02
8.497874579511791038e-02
8.511297640696456612e-02
8.443097593172212145e-02
8.413922629861714242e-02
8.406176322401039125e-02
8.401346253450889257e-02
8.397586183712084373e-02
8.394343863251836624e-02
8.391431085146393298e-02
8.388767306915663469e-02
8.386310236712705979e-02
8.384060222897653236e-02
8.381949732465729386e-02
8.379936823376415989e-02
8.378063791761930501e-02
8.376248448174408723e-02
8.374545118040871428e-02
8.372904533171153518e-02
8.371321736056330787e-02
8.369800397671359193e-02
8.368318585407891197e-02
8.366901961434373980e-02
8.365497385516533491e-02
8.364160901178595287e-02
8.362882436793607488e-02
8.361627479145269937e-02
8.360412050125419492e-02
8.359209829839028827e-02
8.358051968222131312e-02
8.356897558148357330e-02
8.355751596795250868e-02
8.354656155048885424e-02
8.353563637565060429e-02
8.352513326172078534e-02
8.351476131188495522e-02
8.350438757586461924e-02
8.349412479166498646e-02
