2.174857625963964480e+00
4.060043173442993703e-01
3.745558101151670871e-01
3.612261577775435772e-01
3.488602372285510844e-01
3.356090148511741700e-01
3.242408807389438041e-01
3.138359313365072234e-01
3.076200463177103939e-01
3.016244348837062716e-01
2.977185768008764333e-01
2.958577624023226993e-01
2.940895499129380641e-01
2.934221989275621612e-01
2.888611625680433947e-01
2.875016646393175890e-01
2.864270291790100287e-01
2.843926108109631756e-01
2.831092444747420056e-01
2.833848769310861604e-01
2.832339975849858527e-01
2.824117882010925840e-01
2.827503739623352663e-01
2.827137623980109371e-01
2.796679352144045283e-01
2.791233744472265133e-01
2.800759300090638892e-01
2.781704394180061768e-01
2.793196664324828493e-01
2.784572723321616650e-01
2.795677190746313490e-01
2.771193316405904938e-01
2.757633720391562959e-01
2.761216686473095261e-01
2.754246459209493403e-01
2.743021212152338406e-01
2.744967502940978132e-01
2.737891324230336543e-01
2.717122094373085606e-01
2.729974810167082877e-01
2.718784773057060788e-01
2.719630138216806436e-01
2.703477282542735560e-01
2.728192783293447166e-01
2.728739111384909100e-01
2.693231205788573779e-01
2.689959334575438010e-01
2.697520896559580939e-01
2.712333897594362275e-01
2.739439742772706854e-01
2.745505912894649070e-01
2.682420601170243946e-01
2.691129677463323100e-01
2.679841152891250800e-01
2.676492199035627739e-01
2.681540044190894312e-01
2.688307891200695798e-01
2.678404003614559548e-01
2.667117204683433496e-01
2.673893237087343611e-01
2.688191025052219518e-01
2.674979134030374128e-01
2.673777368684698286e-01
2.685085427747773146e-01
2.709322209669542958e-01
2.666585427343047265e-01
2.643153434652569245e-01
2.637913718952664133e-01
2.634766498081652086e-01
2.632378965749272437e-01
2.630365389864891545e-01
2.628573633730411641e-01
2.626953303747411317e-01
2.625445088704249641e-01
2.624084058916196227e-01
2.622810587985441311e-01
2.621597014666934289e-01
2.620467442620013632e-01
2.619377392976145469e-01
2.618355868450765178e-01
2.617376421079305460e-01
2.616440790771905611e-01
2.615533662860148878e-01
2.614664645599467652e-01
2.613829853678388271e-01
2.613005053484812601e-01
2.612219920781042037e-01
2.611474334395357810e-01
2.610738679167947662e-01
2.610034497055624403e-01
2.609329109545797110e-01
2.608657417220196506e-01
2.607983196486852173e-01
2.607302027455131732e-01
2.606662595445023989e-01
2.606019336430888123e-01
2.605413361119904847e-01
2.604807425423392164e-01
2.604201736128223810e-01
2.603597637033089884e-01
