3.663681740845952550e+00
1.927218728858445473e+00
1.150941541684525449e+00
7.534081111928182528e-01
5.527396328348134213e-01
4.494533061848154931e-01
3.923700256007058296e-01
3.567892947766397871e-01
3.334819463281227248e-01
3.181868784528757987e-01
3.064937743092222000e-01
2.982409978285431862e-01
2.924690775972391688e-01
2.850422482139298164e-01
2.798289517672466475e-01
2.771737481666994851e-01
2.750194354914128891e-01
2.735935565383572632e-01
2.713888714422604820e-01
2.692675904370844253e-01
2.674034827887745713e-01
2.678526873866628466e-01
2.657763760736478464e-01
2.641236920009500388e-01
2.637251000019854574e-01
2.630811213682006655e-01
2.641003319295123219e-01
2.648055695496233652e-01
2.633449076209217199e-01
2.629651887508641650e-01
2.607908713897423847e-01
2.611515416231538489e-01
2.592981409048661368e-01
2.603533216086881263e-01
2.644874091958627216e-01
2.602812922493155656e-01
2.614653809361958126e-01
2.592529517931065342e-01
2.579562167404219619e-01
2.583736409233616804e-01
2.582377115530626877e-01
2.601601680208529555e-01
2.575784917687997111e-01
2.573602236075592797e-01
2.571535125740671002e-01
2.573339720855333801e-01
2.571386710308226076e-01
2.581086857011541946e-01
2.622294556682130962e-01
2.585725749210853741e-01
2.565539501241541065e-01
2.559641645855403325e-01
2.570199521690872957e-01
2.569945056157718621e-01
2.576781189734382305e-01
2.595882957901007315e-01
2.603139998058655591e-01
2.557850607770628115e-01
2.549959794950804604e-01
2.549988724524155370e-01
2.551715581345239126e-01
2.548020532421235718e-01
2.554761682570512726e-01
2.555618586517604540e-01
2.543477795485939441e-01
2.561362077249214053e-01
2.553846019785851462e-01
2.551152033298941801e-01
2.547396527170868730e-01
2.558807447186804418e-01
2.552633503684774152e-01
2.539814086830509687e-01
2.526092197912346293e-01
2.522034824326900293e-01
2.519100928413016693e-01
2.516907142342201253e-01
2.515062260940404970e-01
2.513363640821937861e-01
2.511879137683926122e-01
2.510508153022134037e-01
2.509236660719449952e-01
2.508032187486865516e-01
2.506887695519253723e-01
2.505842683770294621e-01
2.504816070930765970e-01
2.503866388163130119e-01
2.502951217017003738e-01
2.502080359695745271e-01
2.501225986850580951e-01
2.500392938797761366e-01
2.499580972229263620e-01
2.498812993888610279e-01
2.498058824666908873e-01
2.497354885596515806e-01
2.496646369408283828e-01
2.495929069850327808e-01
2.495258461850296261e-01
2.494584177753755017e-01
2.493950632400810663e-01
2.493303559454423945e-01
