2.708499375903712814e+00
4.416603928365345766e-01
3.417294744601739320e-01
3.174879989653293655e-01
3.012036186077499123e-01
2.926004923015300685e-01
2.856606643580432703e-01
2.804522301536053197e-01
2.762397236922489729e-01
2.745872594482664519e-01
2.738111002237669234e-01
2.684520225140399341e-01
2.659374859250549505e-01
2.646885846508666984e-01
2.650494509609416238e-01
2.626919308943407860e-01
2.596990256304187450e-01
2.594300320638077695e-01
2.579938481561839803e-01
2.581675007107800401e-01
2.579374534510341932e-01
2.559637894388288037e-01
2.571085326174007979e-01
2.593571499056581686e-01
2.569352669907467579e-01
2.566645093594810967e-01
2.570366823779685062e-01
2.552659155302015592e-01
2.539590677678851272e-01
2.545942464444254094e-01
2.544119096627192600e-01
2.553914665477350354e-01
2.556276887954611610e-01
2.544544802945373219e-01
2.530524039042315043e-01
2.513665627322292928e-01
2.513789455905290349e-01
2.517582106404006592e-01
2.505775853426062683e-01
2.505100587915096710e-01
2.504814869058983873e-01
2.522264184962426103e-01
2.514351496140339592e-01
2.569649814960680012e-01
2.507589166950700554e-01
2.471559007419273368e-01
2.470748456028689366e-01
2.481221229902335623e-01
2.494958396934504885e-01
2.488012222307068866e-01
2.462754971480795307e-01
2.487491563461454724e-01
2.477832622260653650e-01
2.460835714891020654e-01
2.478370579791122352e-01
2.467613149899989256e-01
2.468368525151163340e-01
2.477428449184766734e-01
2.466932090930640809e-01
2.453485880047082957e-01
2.454031963300492003e-01
2.452420983463525772e-01
2.464016159530729166e-01
2.444655791956133195e-01
2.438463432814127752e-01
2.489592233872307270e-01
2.452812187739514815e-01
2.449943034011604626e-01
2.466902272243584882e-01
2.461675097799992940e-01
2.432687480601349039e-01
2.434288522162075530e-01
2.439316916711894434e-01
2.450665740362767686e-01
2.453313091171107074e-01
2.462953801433156731e-01
2.447600680203842194e-01
2.426603909748207277e-01
2.408873282073597799e-01
2.404329972973625607e-01
2.401679991810981851e-01
2.399679657171613356e-01
2.397997386387682450e-01
2.396490427399320389e-01
2.395118134229310969e-01
2.393854280401553347e-01
2.392708722235901142e-01
2.391631495274071095e-01
2.390629705806661953e-01
2.389693197894043053e-01
2.388785440973671403e-01
2.387956925434991662e-01
2.387127376660438394e-01
2.386326784700421311e-01
2.385569862090051174e-01
2.384863241209781715e-01
2.384154994972050301e-01
2.383471489451559622e-01
2.382846033566498323e-01
2.382196597089724921e-01
